37.954 -121.866
41.9025 -120.303
39.5545 -121.5
36.4672 -116.863
63.7469 -68.5451
50.609 -121.882
44.7694 -79.1417
54.8324 -66.8332
50.2503 -95.875
54.725 -101.978
35.658 -83.774
38.0557 -91.2446
29.9618 -95.8384
42.5064 -71.5583
38.2289 -86.2939
43.7486 -110.745
43.3624 -110.852
43.3474 -111.32
41.6889 -107.21
43.4625 -110.755
43.4901 -110.951
40.4314 -117.221
43.3843 -73.6678
40.0478 -76.3208
40.8603 -73.8852
44.835 -73.5883
42.6968 -74.3984
39.9992 -76.3506
41.0056 -73.9079
44.57 -74.9819
39.4102 -76.8403
30.5374 -90.766
41.9199 -71.5342
44.7102 -67.458
46.6701 -68.0133
42.7313 -73.6664
41.3165 -72.9208
35.123 -89.932
38.7338 -88.0991
36.7785 -90.4297
34.9824 -88.0755
36.4137 -89.6997
37.7148 -89.2174
38.6361 -90.2364
34.7751 -92.3429
37.965 -87.666
39.8666 -120.36
39.172 -86.522
31.9989 -109.259
48.7197 -122.707
48.9983 -122.085
49.0983 -121.48
48.9534 -119.272
48.9813 -117.559
48.9339 -115.653
48.933 -114.413
48.0575 -123.504
48.2641 -122.096
48.5183 -121.484
48.3584 -119.333
48.4226 -118.149
48.4366 -116.367
48.4694 -115.589
47.7172 -122.972
47.6902 -120.061
47.8006 -118.274
47.6795 -114.574
47.7687 -113.747
47.1881 -121.989
47.1935 -120.844
47.1936 -119.973
47.0573 -118.921
47.0547 -117.276
47.0477 -116.335
47.0943 -114.459
47.0816 -113.506
47.0418 -112.52
46.5459 -123.563
46.5433 -120.979
46.5585 -119.855
46.5139 -118.146
46.485 -117.11
46.4423 -114.188
46.4162 -113.493
46.4246 -112.641
40.6183 -120.728
45.9325 -122.419
45.8839 -121.459
45.7087 -117.909
45.9734 -117.228
45.8883 -116.155
45.7565 -115.255
45.7893 -114.332
45.8122 -113.37
45.8409 -112.493
45.3153 -123.281
45.2422 -121.317
45.2925 -117.12
45.3997 -116.268
45.0931 -114.233
45.2432 -113.46
44.7344 -120.335
44.5191 -118.67
44.6653 -117.664
44.5494 -114.855
44.5642 -114.255
40.8161 -121.461
43.7941 -122.411
44.1626 -121.268
43.9437 -120.211
43.9104 -118.569
44.086 -116.803
43.9121 -115.958
43.9146 -114.117
43.2406 -122.109
43.2843 -121.236
43.2515 -120.153
43.3736 -119.311
43.358 -118.474
43.3471 -117.754
43.4275 -116.767
43.4151 -115.828
42.7667 -123.49
42.7258 -120.893
42.7991 -120.251
42.6996 -117.725
42.7779 -116.87
42.7713 -116.032
42.636 -114.903
42.156 -123.602
42.175 -121.891
42.1901 -118.344
42.0192 -117.667
42.0773 -116.471
42.146 -115.016
42.0886 -113.944
42.0343 -113.24
42.0041 -112.386
41.2742 -122.122
41.7826 -121.839
41.3593 -121.146
41.2047 -120.477
41.4483 -118.379
41.522 -116.54
41.4311 -115.791
41.4157 -114.915
41.503 -113.347
41.4632 -112.448
40.822 -123.306
40.7484 -119.835
40.7797 -118.971
40.852 -117.524
40.7186 -116.508
40.8167 -115.736
40.8513 -113.187
40.32 -121.086
39.962 -120.918
40.165 -119.827
40.1697 -117.19
40.2917 -116.5
40.1313 -115.657
40.2679 -114.745
40.2067 -111.502
39.6785 -119.898
39.6946 -118.08
39.5516 -117.14
39.553 -115.754
39.4731 -114.908
39.455 -114.016
39.5906 -113.069
39.473 -110.74
38.6333 -122.015
38.839 -121.377
38.9383 -118.808
38.834 -117.182
38.8247 -116.4
38.8455 -115.654
39.04 -114.83
38.9551 -114.02
38.9995 -112.379
38.9176 -111.172
39.1025 -110.133
38.9553 -109.263
38.2571 -120.936
38.089 -119.047
38.3489 -118.106
38.2886 -116.302
38.3281 -114.608
38.2987 -113.021
38.2108 -112.277
38.4187 -110.711
37.346 -120.33
37.8817 -119.849
37.923 -116.595
37.6761 -112.363
37.7459 -109.137
37.0615 -113.084
36.9839 -111.506
37.1364 -109.874
36.1428 -111.13
36.5996 -110.662
36.4199 -109.87
35.7113 -109.933
35.7147 -109.046
35.0951 -111.532
35.1181 -109.736
35.1118 -109.388
34.5293 -109.95
34.0741 -106.921
33.341 -111.427
33.2921 -109.266
42.3012 -83.6567
40.2319 -82.982
34.8837 -101.681
42.1993 -75.9861
37.2113 -80.4205
45.597 -111.63
31.1687 -87.0506
42.7667 -109.558
38.814 -99.7374
38.2046 -77.3732
46.1003 -89.1369
48.4702 -104.196
48.4702 -104.196
40.195 -112.813
43.7337 -96.6141
43.7337 -96.6141
48.024 -109.755
42.1175 -79.9891
47.9462 -91.4953
47.9462 -91.4953
44.8245 -84.6175
33.4112 -83.4666
33.4112 -83.4666
46.3925 -119.533
40.5559 -89.294
43.5625 -114.414
39.7997 -105.613
42.9142 -90.2481
42.9142 -90.2481
39.1009 -96.6094
39.1009 -96.6094
46.6885 -106.223
44.2401 -71.9259
44.6197 -74.5829
39.6581 -79.8456
34.5454 -93.5765
46.8292 -113.941
37.2103 -108.499
43.9708 -74.2236
33.1067 -80.1778
47.3917 -123.869
45.2644 -69.2917
41.9069 -93.2153
36.9488 -116.249
36.5439 -83.549
34.7379 -98.7807
34.7379 -98.7807
35.5169 -111.374
42.4339 -118.637
39.1108 -110.524
47.5641 -122.825
47.2545 -120.666
48.0737 -123.048
63.2937 -78.1355
45.0215 -117.874
44.409 -120.975
44.2739 -121.49
44.0531 -120.686
43.9918 -121.192
43.906 -121.036
43.8553 -120.886
43.8876 -120.023
43.6942 -118.988
43.6829 -120.73
43.6325 -119.22
43.6793 -120.193
43.6405 -120.012
43.4987 -120.116
43.4872 -119.703
43.453 -119.557
43.4335 -119.023
43.3922 -120.561
43.3063 -119.779
43.3887 -119.347
43.2356 -119.297
43.1638 -119.854
43.1553 -117.345
43.1607 -118.972
43.0636 -117.653
43.0167 -119.714
42.9656 -117.302
43.0007 -118.028
42.8565 -117.659
42.8138 -117.114
42.8203 -117.574
42.7373 -118.689
42.8278 -118.106
42.7169 -117.193
42.6797 -117.877
42.4165 -117.679
38.6816 -119.611
38.1526 -120.605
38.809 -119.806
38.3823 -120.709
39.0081 -119.895
39.3597 -119.591
39.0889 -120.466
39.3147 -120.388
39.0373 -121.17
39.6248 -120.576
39.6502 -120.225
39.3837 -121.163
39.4782 -120.846
39.8043 -120.714
39.6818 -121.091
40.0112 -120.641
40.1095 -121.172
37.8508 -119.615
40.577 -122.087
40.359 -122.047
40.295 -121.802
47.9568 -122.925
47.4473 -121.78
46.6265 -121.265
46.5092 -122.454
47.1101 -124.033
47.1591 -123.916
47.0687 -122.384
47.1858 -122.195
47.2909 -121.788
47.1453 -121.636
47.2165 -121.482
47.247 -121.048
47.0612 -123.839
47.057 -123.55
47.0291 -123.297
46.8394 -122.731
46.8668 -122.381
47.004 -121.988
46.9801 -121.108
47.3197 -123.312
46.7161 -123.285
46.5966 -123.424
46.4055 -123.664
46.2004 -123.285
53.68 -116.04
44.921 -115.95
45.128 -116.836
45.164 -117.034
45.427 -117.359
46.269 -117.499
46.375 -117.548
46.512 -117.644
46.62 -117.719
